password

24

1 1
	5
	0
	1
	6060
	39173

1 2
	5
	0
	0
	10358
	51938

1 3
	7
	0
	0
	8617
	62531

1 4
	6
	0
	0
	4569
	27944

1 5
	4
	0
	1
	1770
	11025

1 6
	4
	0
	1
	1770
	13625

2 1
	3
	0
	0
	8838
	49052

2 2
	4
	0
	2
	7452
	45162

2 3
	1
	0
	0
	24606
	24606

2 4
	1
	0
	0
	19913
	19913

2 5
	2
	0
	0
	10556
	21537

2 6
	2
	0
	0
	3814
	9430

2 7
	1
	0
	0
	12975
	12975

3 1
	1
	1
	1
	21755
	21755

3 2
	1
	0
	0
	19895
	19895

3 3
	1
	0
	0
	11415
	11415

3 4
	1
	0
	0
	10016
	10016

3 5
	1
	0
	0
	37407
	37407

4 1
	1
	0
	0
	11173
	11173

4 2
	1
	5
	5
	68064
	68064

4 3
	1
	0
	0
	57735
	57735

4 4
	1
	59
	59
	338595
	338595

4 5
	1
	4
	8
	167424
	235628

5 1
	1
	0
	0
	8967
	8967
