password

22

1 1
	1
	0
	0
	80908
	80908

1 2
	1
	3
	3
	141647
	141647

4 4
	0
	-1
	25
	0
	224341

4 5
	0
	-1
	19
	0
	365048

2 1
	1
	0
	0
	96685
	96685

3 1
	1
	6
	6
	53012
	53012

4 1
	1
	27
	27
	257287
	257287

2 2
	1
	1
	1
	39332
	39332

2 3
	1
	1
	1
	138221
	138221

2 4
	1
	23
	23
	298092
	298092

2 5
	1
	6
	6
	38924
	38924

1 6
	1
	5
	5
	44163
	44163

2 6
	1
	1
	1
	38545
	38545

3 2
	1
	14
	14
	383848
	383848

3 3
	1
	12
	12
	176623
	176623

3 4
	1
	13
	13
	218478
	218478

1 5
	1
	0
	0
	9556
	9556

3 5
	1
	11
	11
	327096
	327096

4 2
	1
	1
	1
	46984
	46984

1 3
	1
	0
	0
	60271
	60271

4 3
	1
	5
	5
	275473
	275473

1 4
	1
	3
	3
	53469
	53469
