password

21

1 1
	1
	0
	0
	11489
	11489

1 2
	1
	0
	0
	18692
	18692

4 4
	0
	-1
	0
	0
	0

2 1
	1
	4
	4
	56687
	56687

3 1
	1
	7
	7
	44108
	44108

4 1
	1
	1
	1
	20305
	20305

1 6
	1
	1
	1
	8143
	8143

2 2
	1
	2
	2
	29721
	29721

2 3
	1
	1
	1
	104679
	104679

2 4
	1
	35
	35
	220406
	220406

1 5
	1
	2
	2
	13473
	13473

2 5
	1
	2
	2
	19297
	19297

2 6
	1
	0
	0
	6551
	6551

3 2
	1
	38
	38
	357566
	357566

3 3
	1
	11
	11
	104540
	104540

1 4
	1
	0
	0
	8571
	8571

3 4
	1
	19
	19
	159842
	159842

3 5
	1
	24
	24
	492051
	492051

4 2
	1
	4
	4
	58396
	58396

1 3
	1
	0
	0
	41637
	41637

4 3
	1
	26
	26
	442750
	442750
