88888888

23

1 1
	7
	0
	1
	6056
	52503

1 2
	4
	0
	0
	10405
	45941

2 1
	3
	0
	1
	10339
	43657

3 1
	1
	0
	0
	9884
	9884

4 1
	1
	0
	0
	11315
	11315

5 1
	1
	0
	0
	51494
	51494

2 2
	3
	0
	0
	7642
	23298

1 3
	4
	0
	0
	8596
	35164

1 4
	4
	0
	0
	4580
	19292

1 5
	3
	0
	1
	2277
	12950

2 4
	1
	0
	0
	20780
	20780

2 5
	1
	0
	0
	10898
	10898

2 6
	1
	0
	0
	5620
	5620

3 2
	1
	0
	0
	28255
	28255

2 3
	1
	0
	3
	27556
	63315

3 3
	1
	0
	0
	11576
	11576

3 4
	1
	0
	0
	10440
	10440

3 5
	1
	0
	0
	38238
	38238

4 2
	1
	0
	0
	21446
	21446

4 3
	1
	0
	0
	57750
	57750

4 4
	1
	2
	2
	112555
	112555

4 5
	1
	0
	0
	84552
	84552

1 6
	3
	0
	10
	2871
	32374
